5.582215042975664394e-10 9.999999994417784199e-01 2.558209224771039666e-18
8.627322557631210698e-01 1.372647817018420868e-01 2.962535036855631228e-06
3.454747083058316154e-02 9.442909694230015027e-01 2.116155974641542939e-02
3.307942001446990132e-01 3.884262424330302554e-01 2.807795574222706758e-01
6.198183716184858988e-10 9.999999993801796938e-01 1.995414613649912852e-15
3.826033994181412168e-05 9.999443000236312162e-01 1.743963642691235747e-05
3.135731089582964882e-08 9.999999686426890300e-01 5.389434932369418386e-23
1.065346309184381666e-09 9.999999989346536333e-01 8.304879960529086335e-25
1.363745813095628423e-01 8.635975078868891597e-01 2.791080354796625614e-05
5.165316831198808882e-08 9.999999483468317019e-01 4.965214812955924782e-18
2.904302200719821532e-09 9.999999970783669534e-01 1.733084505245465663e-11
2.984556774051328803e-06 9.999736832622532212e-01 2.333218097279728416e-05
2.659629098459675346e-05 9.999734037090154404e-01 2.165709000199895478e-24
8.962726062701257501e-09 9.999999910354667731e-01 1.807190013187046709e-12
4.795201983603786799e-01 4.613832322931943342e-02 4.743414784103019421e-01
9.999947579928338826e-01 5.239532177582856628e-06 2.474988504572267604e-09
4.804889453041303406e-10 9.999999995195110181e-01 1.639199505324525067e-29
3.239223381673130439e-08 9.999999676077662158e-01 1.311385395178289296e-19
3.506285952349052369e-10 9.999999996493714738e-01 1.139028459794084168e-25
7.354028486037470874e-10 9.999999992645971503e-01 2.499369508514737955e-19
4.356778907558768345e-06 9.999956432210923563e-01 3.038950672193243312e-17
9.910027728594522634e-01 4.647772076411023929e-07 8.996762363340175817e-03
1.408767903155721817e-06 9.999902874161702426e-01 8.303815926542062523e-06
6.497608408056342044e-02 4.878017759657354607e-04 9.345361141434709307e-01
1.691404199129161456e-01 2.984558029423665590e-02 8.010139997928472644e-01
1.896995216554825947e-01 8.102995125250056496e-01 9.658195119345294142e-07
3.790674950445701171e-07 9.999996209325049401e-01 3.224077471157645478e-27
3.175992949468873635e-08 9.999999682292010084e-01 1.086940425220788939e-11
5.210564607691017258e-01 4.541504914116144542e-01 2.479304781928375057e-02
1.405847325918915330e-05 9.999859412698737238e-01 2.568671198180688675e-10
1.995195158032842669e-02 7.701953043833531520e-01 2.098527440363184282e-01
1.706171608343634181e-03 8.605315382551328440e-01 1.377622901365236074e-01
1.268105534824597036e-02 9.868468581488999414e-01 4.720865028540370892e-04
2.302576580596557999e-04 9.997696632151261698e-01 7.912681416541349549e-08
9.974582915275692629e-01 2.177979497516430857e-03 3.637289749144426436e-04
2.242389751156571450e-09 9.999999977576101706e-01 5.224514022106201108e-19
2.346357115691289697e-04 9.997394590363748446e-01 2.590525205605375664e-05
8.918335296958446873e-03 9.906293906084812084e-01 4.522740945604307884e-04
5.004977199378646963e-02 4.840221110922078292e-04 9.494662058951213179e-01
7.771213047023899932e-09 9.999999922287871046e-01 1.241026625751676965e-22
3.185922112550098606e-01 3.455093607029864344e-01 3.358984280420037050e-01
9.572618377780376386e-01 4.273809690640237302e-02 6.531555991800012281e-08
9.993862887206458323e-01 7.072908351034590268e-07 6.130039885190854748e-04
9.999861145157690201e-01 8.668508188871610186e-06 5.216976041984365786e-06
9.889457924323488136e-01 2.591687726350395686e-05 1.102829069038759741e-02
7.639530232494876616e-01 3.053663354164604625e-03 2.329933133963476843e-01
2.942708649773765657e-08 9.999999705729133437e-01 1.613466041326316930e-22
6.317680578752716423e-10 9.999999993682319177e-01 6.958468069956949777e-29
1.252593652887585285e-01 5.610341042964680234e-04 8.741796006069449954e-01
9.497594677618552148e-06 9.999903586341923889e-01 1.437711299270601591e-07
8.299291998074313781e-02 7.938744148701585290e-01 1.231326651490984442e-01
4.150411224808487752e-09 9.999999958495887631e-01 8.495869749907091179e-24
8.819726435356085335e-07 9.999991180273560820e-01 3.256920415787948097e-16
9.923727706536432658e-01 2.412523264849857261e-06 7.624816823091886721e-03
1.204818415162328503e-04 9.998787503275210486e-01 7.678309627618105897e-07
4.070428753168717217e-02 8.062569933079014595e-01 1.530387191604115071e-01
1.385129980915377000e-04 9.948592186710338847e-01 5.002268330874503829e-03
1.358632280833221232e-04 9.998641367719126594e-01 3.979897809776672140e-15
1.180927186422082477e-02 9.881907281357553696e-01 2.385796234968877665e-14
4.395073701410604051e-07 9.999995604926298354e-01 3.888900393791895291e-18
2.753595824149945165e-02 5.646015797129781966e-01 4.078624620455222893e-01
2.012225936380734816e-09 9.999999979875456857e-01 2.283883386006570534e-13
9.732376478916390239e-01 2.673600906214832623e-02 2.634304621260200109e-05
9.644497727355749728e-01 3.554977077394227969e-02 4.564904827093841457e-07
9.951277721170126433e-01 4.506830734310158252e-07 4.871777199913892610e-03
9.678214992478572087e-01 3.217816449152233887e-02 3.362606203914819991e-07
1.359811884619942254e-09 9.999999986401880703e-01 4.517709293438155631e-21
1.360840807362305200e-04 9.998639159192638237e-01 2.814830890083526012e-17
5.750463107899706132e-10 9.999999994249427759e-01 1.100040138609821269e-14
9.999971039529189643e-01 9.837934635765681132e-08 2.797667734653970392e-06
1.411303597928243217e-09 9.999999985886962595e-01 1.363647289364531151e-16
2.788855074807525605e-02 9.721114492519247197e-01 1.890237458244854462e-21
5.797646780324414507e-10 9.999999994201909104e-01 4.441249089450981823e-14
3.538811645563036088e-09 9.999999964611578918e-01 3.051726968121973500e-14
1.099631879776105314e-06 9.999984797748846521e-01 4.205932356135339341e-07
7.651035420904097188e-10 9.999999992348864719e-01 1.002159463712887404e-14
2.368470488258369866e-01 4.510827057389721895e-01 3.120702454351908517e-01
1.161285530360451300e-06 9.999986104583770130e-01 2.282560924574160743e-07
1.651814444158426981e-04 9.933488444068001577e-01 6.485974148784145847e-03
1.001098301735965026e-06 9.999988247327865620e-01 1.741689115509123175e-07
2.649324798646506777e-05 9.999733382519007119e-01 1.685001127524757900e-07
6.238172923408468185e-01 1.693736987408690645e-06 3.761810139221657412e-01
9.468585277628184249e-01 7.389540761188791668e-07 5.314073328310533334e-02
9.999989682877744590e-01 3.983613431215144363e-08 9.918760912497520781e-07
7.087409057244021538e-09 9.999999929125903408e-01 4.102906752257254817e-16
5.683776238627968880e-01 7.696256729203466984e-02 3.546598088451685116e-01
2.037256811416406424e-02 4.876749214852122427e-01 4.919525104006237104e-01
3.562182733782211654e-10 9.999999996437817229e-01 6.449554945716804550e-19
6.450963509648982401e-03 9.935490364903509786e-01 1.671418019346237439e-29
3.937450848495298028e-01 7.251272113409524406e-03 5.990036430370607734e-01
3.471568930581891603e-10 9.999999996528431412e-01 6.911216118196062495e-20
3.448191420994769347e-10 9.999999996551809378e-01 2.736317944632857821e-21
1.129667727647895910e-09 9.999999988698872189e-01 4.449881162155633647e-13
3.405664899249583955e-04 9.938621823151049250e-01 5.797251194970138785e-03
8.745740910553778669e-01 3.531637167283760642e-05 1.253905925729492943e-01
4.540893581586906425e-02 4.782134347581775378e-03 9.498089298365491873e-01
5.538561404752682617e-10 9.999999994461438169e-01 5.818723429829377823e-18
1.499425014969636347e-04 9.998500574985030864e-01 1.108915871490851333e-18
2.473859767631187150e-04 9.997522563588293609e-01 3.576644075802504838e-07
1.418678647752764815e-10 9.999999998581321492e-01 3.908212697921291646e-23
1.933094529039603576e-03 9.980669054709391252e-01 2.120939348577064439e-14
4.852424301184825924e-05 9.999514757569881729e-01 2.812269389912023420e-21
3.245059095844942415e-09 9.999999967545699642e-01 3.709247287270164375e-13
9.988302600574802126e-01 1.169739217729124812e-03 7.247905960102196553e-10
5.158074070972133767e-10 9.999999994841926032e-01 1.116751398169265237e-21
3.129221594794970556e-05 9.999135807214738492e-01 5.512706257815043459e-05
1.925595010205186236e-09 9.999999980733688121e-01 1.036154297532240575e-12
4.370717381042333086e-04 9.993285661013596721e-01 2.343621605361227288e-04
7.748699460044803995e-08 9.999999225130054015e-01 3.193741717770979629e-17
3.388051860900030866e-05 9.998516954544953705e-01 1.144240268956801961e-04
9.169665774294900838e-10 9.999999990830334973e-01 1.174279815744729191e-17
1.337648535193544232e-08 9.999999866225187661e-01 9.958257569196446935e-13
2.341332748843141971e-10 9.999999997658667317e-01 6.967600893826163923e-17
1.456814955027145190e-06 9.999985431850448858e-01 4.759064898638619545e-34
1.287950121340401865e-03 9.928109921665324578e-01 5.901057712127213452e-03
5.435153185603852676e-04 9.990710786224746842e-01 3.854060589648398765e-04
5.585354080077004858e-10 9.999999994414645599e-01 5.647144303812317133e-31
3.386098179919840648e-07 9.999996522705958402e-01 9.119586225281882448e-09
9.994507397917713476e-01 8.901679096376652916e-06 5.403585291322631845e-04
4.661336869276794803e-01 5.248353365360711731e-01 9.030976536249313638e-03
1.494684628246731238e-10 9.999999998505315624e-01 9.829383830737619998e-24
3.583348916749844196e-09 9.999999963691079685e-01 4.754303070304952373e-11
8.469693848592290131e-01 1.728472066482759180e-03 1.513021430742883255e-01
9.734751134821825191e-01 2.652488651696517305e-02 8.523157743025644960e-13
9.692481456510271720e-10 9.999999990307516518e-01 2.715133755385756354e-16
2.466116183608222379e-01 7.533629101824674823e-01 2.547145671021042233e-05
9.984132820348760040e-01 4.758590093588206291e-05 1.539132064188264209e-03
3.167641292287987631e-01 1.521202328288398520e-01 5.311156379423614959e-01
4.580397928410982842e-09 9.999999954196021612e-01 1.838387660361381591e-24
1.922101933522146138e-09 9.999999980761079543e-01 1.790119997506926556e-12
2.448287121503489039e-01 3.165038146227634741e-02 7.235209063873746516e-01
1.395517697315346027e-10 9.999999998604482965e-01 3.346111152768620800e-23
9.914089084520273376e-01 2.564031687772285462e-06 8.588527516284839847e-03
2.557888793649803555e-07 9.999997442111207002e-01 4.605734199436250021e-23
1.888002911495421932e-01 1.854958028500712230e-01 6.257039060003866116e-01
4.531422821994276003e-09 9.999999953930167607e-01 7.556046773619409279e-11
7.444024757552144544e-01 8.479934745048632594e-02 1.707981767942993168e-01
3.607792001110255732e-07 9.999996392207997076e-01 9.486482030932441288e-17
5.148737053372558214e-02 3.445092145084350209e-03 9.450675373211899766e-01
5.956407910885898551e-08 9.999999404359209976e-01 4.615254403570035829e-25
5.979155511094359035e-10 9.999999994020845051e-01 4.980041491980520401e-32
2.797283416831762712e-07 9.999996942167100888e-01 2.605494829310454543e-08
8.679125757955719056e-02 8.195067226467851462e-01 9.370201977365756607e-02
1.039441858739750316e-09 9.999999989605581341e-01 1.784119137730882895e-22
3.066330918426868928e-06 9.999913906566859634e-01 5.543012395631287178e-06
3.428477258694310192e-01 2.040346725255883231e-01 4.531176016049806576e-01
6.868198467290761208e-07 9.999992639222635704e-01 4.925788967187788709e-08
1.191901461907439077e-09 9.999999988080985336e-01 4.295245792962150484e-21
9.997773141098100780e-01 5.136408507984484065e-07 2.221722493391105563e-04
1.945671668765940988e-09 9.999999980541244282e-01 2.038891601377921669e-13
6.191747856484421419e-10 9.999999993808251775e-01 1.322215220199295296e-21
7.779588899361852827e-03 9.919462304985123824e-01 2.741806021257440747e-04
1.006193778112168807e-08 9.999999899380621615e-01 2.746583370582381959e-23
1.425660804412524607e-06 9.999985743391955895e-01 5.922105327147415772e-24
2.073401311631935404e-06 9.999979265986883581e-01 1.036058096657202710e-26
3.020879566085845069e-01 6.406430237474421974e-01 5.726901964397332345e-02
1.950806377289287993e-08 9.999999804919361690e-01 3.960665224424472510e-22
3.719375972276662418e-02 7.459739804734222268e-01 2.168322598038112115e-01
2.345038340838853479e-04 9.997654961632957971e-01 2.620213908576627058e-12
1.314904853917682193e-01 7.381158060391243003e-01 1.303937085691073416e-01
9.023376639309382396e-04 9.990976623181394567e-01 1.792967099892416482e-11
1.694367739143094368e-10 9.999999998305633131e-01 9.848663845362747261e-18
1.304733269866974936e-04 9.991800885054246129e-01 6.894381675887403110e-04
3.196718484014379609e-07 9.999996762665340766e-01 4.061617540110235964e-09
5.377868352827501752e-01 8.779651767519087990e-02 3.744166470420588477e-01
5.771798230957347897e-01 1.579454171695828524e-01 2.648747597346823857e-01
4.375424336313360838e-07 9.999995624575663822e-01 1.777247924277433381e-25
3.969816157804855195e-01 3.323750849719729894e-01 2.706432992475415467e-01
2.318747044511269304e-07 9.999997681252952297e-01 2.848754952451694191e-16
6.884549028204319313e-03 9.927698230727176609e-01 3.456278990780282164e-04
1.114736172567369600e-09 9.999999988843989440e-01 8.648907513989398194e-13
3.387613910655011273e-01 4.967403625595102623e-01 1.644982463749886659e-01
1.135143001243731076e-01 3.892998758397524933e-02 8.475557122916516084e-01
1.208114598967206929e-03 9.987918853973730693e-01 3.659789910073256908e-12
3.403712533698013653e-07 9.999988607810793573e-01 7.988476673114583464e-07
9.999995804327872495e-01 9.874280473153207709e-09 4.096929322065756718e-07
1.446819198916083071e-01 5.707408628586135846e-01 2.845772172497781360e-01
3.073158245002683199e-07 9.999993555396360367e-01 3.371445395221876206e-07
9.368081553174890317e-07 9.999990631918445061e-01 9.807097980275247245e-17
9.973723651540955354e-08 9.999998163501265802e-01 8.391263681391278921e-08
5.955350874993640025e-07 9.999994044649125335e-01 7.591630073753031551e-20
5.737015696939248426e-07 9.999993710368826338e-01 5.526154761208698497e-08
1.990186441851221899e-01 5.738452459531022676e-01 2.271361098617755425e-01
2.589932834600814923e-10 9.999999997410068397e-01 1.224315165546585053e-18
2.742736838455816552e-08 9.999999677720788904e-01 4.800552823792170312e-09
1.729600766602448713e-10 9.999999998270399093e-01 5.122640982485952861e-18
1.273911348774674733e-02 3.695181763977964939e-01 6.177427101144568056e-01
3.786015560485692794e-02 7.249296247996359632e-01 2.372102195955071158e-01
8.593428612797058275e-01 9.613876497112786024e-02 4.451837374916631229e-02
5.145043174251124469e-09 9.999999948446627318e-01 1.029410655887711944e-11
6.680348779490891554e-04 9.993319651220509137e-01 4.691831811297887341e-20
9.277852525375976933e-01 7.193021329936541419e-02 2.845341630369603125e-04
9.999891583658655492e-01 1.084129720656686589e-05 3.369278545374957666e-10
1.007971443194291100e-09 9.999999989920286270e-01 2.324203444968262788e-19
9.999656124340453589e-01 1.593614802140876312e-08 3.437162980661843785e-05
8.393036383696005076e-03 9.874820528193831715e-01 4.124910796920906730e-03
6.125451240319856189e-02 9.320267025211836920e-01 6.718785075617851078e-03
2.473864800651946207e-05 9.999752613519931055e-01 4.373950793427185459e-16
9.415529028957557722e-01 6.522727155918861942e-05 5.838186983268496555e-02
5.182459538025556769e-04 9.991511730408617620e-01 3.305810053357886532e-04
1.503772504467909077e-03 9.984962274458241138e-01 4.970792430691943949e-11
9.940971392382736971e-01 4.147126613157486701e-03 1.755734148568935046e-03
5.457489207870906244e-05 9.999454251079212819e-01 6.953821184893826056e-28
9.957242480879990865e-01 8.170608916722137262e-08 4.275670205911616395e-03
3.925664523847558966e-07 9.999996074335476548e-01 9.575616438053661024e-18
2.336249932241129517e-10 9.999999997663751028e-01 2.073265981907923045e-17
3.153086863709284402e-08 9.999999684691313062e-01 6.786627852798320386e-27
1.039054645343030389e-06 9.999988290199260943e-01 1.319254284172008132e-07
8.534041843116593033e-07 9.999989164492872895e-01 2.301465284792752872e-07
3.341294306143983706e-01 6.559406879758795939e-02 6.002765005880137394e-01
2.716480632625278847e-08 9.999999699645848450e-01 2.870608805952020600e-09
1.835344951585522440e-04 9.931232551648171425e-01 6.693210340024324453e-03
2.814805567696148422e-03 9.411392720335034490e-01 5.604592239880046289e-02
1.695781037671035381e-08 9.999999830421866243e-01 3.036249299474516195e-15
3.518151293207539276e-01 4.779932542559612307e-01 1.701916164232847584e-01
7.692928514311612362e-10 9.999999992305369512e-01 1.701705759945696514e-13
2.596909710513110815e-10 9.999999997403089536e-01 7.701256307616758340e-26
3.897213588102609982e-07 9.999996102786412600e-01 1.018564142432188519e-22
2.479422242428486370e-06 9.999895326471356372e-01 7.987930621846308109e-06
3.019228639255740797e-07 9.999996980771360677e-01 2.227892710311586986e-30
3.663183487058776107e-10 9.999999996336815800e-01 2.285196804326007370e-26
9.240892428200650488e-02 8.008036130520359563e-01 1.067874626659575804e-01
9.320342797911901345e-01 1.286129315328839325e-04 6.783710727727698675e-02
2.523942716449390639e-02 9.747597915087883313e-01 7.813267179380108220e-07
2.113875912231531712e-08 9.999999788611816376e-01 5.929027314006020937e-14
9.724987337903908680e-01 1.634476226158516701e-08 2.750124986484679679e-02
9.991823215273007985e-01 2.102134829071134447e-06 8.155763378701231950e-04
9.983102303529491905e-01 1.388477898329171192e-07 1.689630799260837110e-03
2.922329089079612596e-03 9.936826858289505848e-01 3.394985081969835537e-03
4.625461352872957175e-10 9.999999995374520001e-01 1.874020008890655702e-15
3.778154787146982552e-02 6.676891232980827241e-03 9.555415608955492024e-01
5.608647830698697545e-01 4.236748891895655844e-01 1.546032774056458475e-02
5.662209148557919083e-04 9.947173484382527686e-01 4.716430646891515803e-03
3.428527069343169087e-01 1.385195785588871631e-01 5.186277145067960115e-01
4.479882254887863624e-01 4.047423923523839617e-01 1.472693821588296204e-01
9.944877695999388978e-01 3.577455691790213441e-08 5.512194625504247998e-03
1.073464032806500460e-09 9.999999989265359046e-01 4.677704522109828903e-30
9.999941517399628665e-01 5.847809497828947292e-06 4.505393047061327995e-10
1.200221359147380303e-10 9.999999998799778966e-01 3.119572955073417105e-22
5.271826847161505131e-09 9.999999946406478157e-01 8.752529369025682158e-11
1.703862794068236322e-07 9.999998296130947484e-01 6.258441785299138719e-13
1.836989358351254633e-09 9.999999981628796553e-01 1.310680387812682043e-13
9.720784295566519129e-01 2.792157044323528847e-02 1.128573181058753964e-13
1.180975202364287994e-03 9.739987314569085175e-01 2.482029334072728341e-02
1.379851574784557865e-07 9.999998603837618738e-01 1.631080662335094639e-09
4.376060005362366473e-02 9.321891793256996683e-01 2.405022062067675367e-02
9.999385558977709199e-01 2.448173292831281048e-08 6.141962049624317510e-05
2.408759148089819755e-07 9.999994339637977570e-01 3.251602873857051513e-07
2.478519298094530808e-05 9.999752148070190083e-01 1.998217253493367419e-29
9.964944377199916881e-01 3.505562279981357804e-03 2.688363417364207792e-14
8.713477902675700881e-02 7.760651608500690468e-01 1.368000601231739444e-01
1.085169097291139440e-06 9.999989148309027520e-01 2.101382915581057440e-25
1.284573971831882656e-05 9.999870577273192174e-01 9.653296255050115436e-08
3.363138069040459421e-01 4.578573937698704466e-01 2.058287993260835835e-01
1.813719081203028771e-01 6.018629575267404584e-06 8.186220732501218178e-01
1.583476384215578753e-08 9.999999841652361665e-01 1.813219434601364264e-19
5.683007010700303068e-05 9.999431699298908516e-01 2.054945029328510653e-15
3.488157286326353506e-06 9.999965118427137645e-01 9.915914451791574572e-26
8.808554523940301573e-06 9.998740763471468673e-01 1.171150983292362931e-04
9.975598237270347779e-01 2.341504866094561849e-03 9.867140687060897263e-05
8.931191913704373040e-06 9.999910688080863030e-01 1.262224303713910295e-27
9.214077838599842942e-09 9.999999907859221659e-01 2.813376165572828212e-19
1.310832888790794219e-04 9.998686462294734678e-01 2.704816473999245046e-07
8.975590412823538644e-01 4.573366404060319983e-07 1.024405013810057025e-01
9.864391318745214798e-01 8.566611965700098247e-04 1.270420692890863491e-02
1.933459530143012347e-06 9.999980665404698543e-01 4.245296453194670300e-26
8.477659167185160882e-01 6.421903335689137542e-07 1.522334410911504177e-01
3.913047910068274959e-02 4.785467460519677863e-01 4.823227748473494225e-01
2.269056636129407616e-10 9.999999997730943946e-01 1.883723642546715604e-18
9.904207487710221525e-01 4.103744902305561312e-03 5.475506326672326118e-03
2.699136210225984109e-10 9.999999997300863530e-01 6.226391213300336680e-18
2.199446178045142867e-05 9.997028087201399460e-01 2.751968180797265324e-04
5.999345826930430753e-02 9.399999523368648413e-01 6.589393830833753828e-06
8.562734776763077711e-10 9.999999991436764324e-01 5.018198870900374816e-14
7.703305679420874696e-08 9.999999218375731358e-01 1.129369994888152647e-09
1.918417249468052366e-01 5.716603191858889987e-01 2.364979558673057647e-01
6.314057428287280093e-07 9.999993685942570876e-01 3.585418991232291146e-18
1.922034074953049218e-02 4.057714838880854824e-02 9.402025108616609561e-01
3.420180186186073110e-05 9.998763195142570392e-01 8.947868388118788508e-05
5.419013401411298600e-03 9.266774707004017397e-01 6.790351589818685585e-02
4.579764255045117305e-01 1.904161534040452186e-01 3.516074210914431619e-01
1.148603343845843923e-08 9.999999881184259420e-01 3.955405947609019182e-10
1.255803319000962093e-01 6.978019522794499663e-01 1.766177158204537412e-01
2.519732552053444938e-06 9.999972350945707245e-01 2.451728772174680048e-07
1.203817900066271062e-09 9.999999987961820658e-01 4.612647181223012092e-21
3.884181042562780075e-10 9.999999996115794820e-01 2.362132657901037460e-15
2.051432584726140201e-10 9.999999997948567643e-01 6.562052104440735356e-17
5.744558565901959374e-09 9.999999942554413934e-01 4.707884928358678884e-17
5.262408401852394224e-01 7.714316024281193951e-03 4.660448437904793906e-01
4.617223935261857405e-05 9.999538273339573236e-01 4.266900121220085548e-10
9.999939737194116773e-01 6.023851655778151070e-06 2.428932463369849035e-09
7.934761405917816202e-01 3.321363754657068546e-07 2.065235272718428661e-01
9.233922127902773891e-01 5.689215730875800056e-04 7.603886563663492248e-02
6.815272147406010832e-04 9.744227109252232566e-01 2.489576186003605168e-02
9.998779904021806164e-01 3.526248087837566358e-08 1.219743353384861406e-04
3.289376037259051852e-03 8.277818005680659397e-01 1.689288233946750484e-01
3.144238041396910360e-03 9.968557619585777241e-01 2.543796933956120676e-14
9.021984021722738722e-01 2.028560111528454266e-02 7.751599671244173428e-02
1.498049354815906035e-03 9.985019506451836557e-01 3.514736853122614159e-16
9.999992233563564925e-01 7.244284126188554458e-07 5.221523082025502160e-08
1.185432472982485303e-08 9.999999872479944374e-01 8.976809082153527273e-10
3.014249853570495684e-05 9.999698534757909263e-01 4.025673324703457861e-09
1.739120579632735114e-02 9.522184361113380513e-01 3.039035809233457328e-02
3.309736082683433639e-03 9.961213560722775862e-01 5.689078450390048147e-04
1.755099062683453228e-07 9.999998244900937250e-01 4.949433818952446169e-24
5.492074951014420670e-01 3.021114188367591148e-03 4.477713907101903423e-01
9.999699660991638872e-01 3.002932160684239758e-05 4.579229261032394328e-09
1.246258814794189492e-10 9.999999998753741348e-01 4.449534799552604670e-23
6.123123049349071811e-02 7.212287680245486055e-01 2.175400014819607597e-01
1.507610957503094167e-04 9.998492389042497042e-01 5.718786235357840515e-28
1.840844592272181720e-03 9.538718350644831423e-01 4.428732034324473626e-02
5.376601343846135818e-08 9.999999120919339513e-01 3.414205270642929525e-08
9.982528079338553258e-05 9.991441075462396126e-01 7.560671729670587768e-04
3.713393475988711174e-04 9.996280824643710705e-01 5.781880300170220984e-07
6.063744085849332999e-01 1.670818245981805380e-06 3.936239205968207755e-01
9.967364920566966768e-01 3.263507915959187530e-03 2.734410669467801527e-11
1.802131326489289547e-09 9.999999981976104291e-01 2.583032090718269507e-13
8.118130271521686314e-01 1.293636715099957465e-03 1.868933361327314580e-01
2.105375184053372151e-01 3.329862810967914033e-01 4.564762004978712984e-01
8.576379162181084292e-09 9.999999914236195053e-01 1.250154907344228681e-15
9.999948304114595343e-01 1.714436904090605629e-08 5.152444171576643337e-06
5.038084224512804493e-02 9.485980040351932319e-01 1.021153719678702387e-03
1.321039130623286040e-01 1.235204039701427855e-03 8.666608828979700530e-01
1.956629199051670260e-04 9.997451073259508991e-01 5.922975414402286955e-05
9.894863707314339729e-01 1.491633489116364450e-05 1.049871293367487385e-02
6.959169981522415891e-08 9.999999304083002638e-01 4.189388142019113244e-18
3.201569722495216163e-05 9.999679842934724450e-01 9.302658930839813185e-12
1.802402079939481507e-05 9.998419915280075676e-01 1.399844511931082184e-04
1.463768747033842010e-10 9.999999998536232004e-01 1.136572712243460197e-18
3.942006035801733782e-02 8.875726985979444095e-01 7.300724104403821801e-02
9.383782681312851093e-01 1.597144993434320829e-07 6.162157215421566747e-02
7.178778225019206562e-07 9.999992821221759254e-01 1.687859734746369609e-15
3.261283308393718161e-01 2.279779385414689580e-02 6.510738753064813089e-01
2.636948625249122455e-10 9.999999997363048232e-01 3.001135735222060174e-16
9.984571005915700015e-01 1.536780973248630952e-03 6.118435181329246130e-06
1.267581932848447883e-02 9.873241806656298802e-01 5.885663748208558962e-12
9.999073085978626985e-01 3.940176763710165461e-05 5.328963450019571531e-05
9.855887037437810472e-01 1.440959658765148498e-02 1.699668567409649077e-06
9.589103029399916878e-01 4.108697188583199794e-02 2.725174176351974904e-06
1.451937523699717061e-06 9.999985253146878028e-01 2.274778847611611937e-08
4.200993938670465333e-01 1.079246861948362918e-01 4.719759199381172166e-01
2.220789476481366820e-01 5.184117483104441239e-03 7.727369348687588291e-01
2.347145833585532590e-09 9.999999976447808692e-01 8.073295666482682255e-12
4.637735247534925317e-03 6.902794662825016969e-01 3.050827984699634454e-01
1.310762937805002529e-03 9.986212969383525540e-01 6.794012384235561760e-05
1.134094593927850635e-07 9.999998865905406209e-01 4.486158868548637177e-24
9.979709496122430856e-01 1.261791259681286691e-06 2.027788596497084785e-03
6.749128908165754965e-07 9.999992028039198511e-01 1.222831894715384321e-07
4.781091049817846050e-01 1.359174246603046254e-01 3.859734703579107973e-01
3.358575218158972321e-07 9.999996641424780952e-01 3.683838004311964828e-32
5.134782529237375557e-04 9.778046613261976994e-01 2.168186042087855495e-02
1.563636445621978741e-06 9.999984001410273660e-01 3.622252692923023606e-08
6.341116525890374737e-08 9.999999242768951024e-01 1.231193968038086436e-08
4.809975130937198529e-01 5.190024869045520850e-01 1.727961849617055865e-12
2.296297499035171163e-01 5.652093231747700175e-01 2.051609269217128106e-01
1.351748175159856458e-01 7.952089763499746722e-01 6.961620613403976532e-02
2.974954519335161423e-08 9.999999586212235947e-01 1.162923113392380386e-08
9.999999750197663406e-01 2.265127814631500033e-08 2.328955389829600513e-09
4.398423815032348949e-04 9.995601573818522212e-01 2.366446267608658446e-10
1.730992083652026696e-07 9.999996124539194398e-01 2.144468722862514229e-07
4.893572422316959212e-05 9.999487485198652603e-01 2.315755911595349146e-06
9.384956642743772504e-01 2.559400223573324654e-02 3.591033348988943719e-02
6.244535808196154432e-08 9.999999245843832485e-01 1.297025869263614313e-08
9.076668181109556754e-02 3.426994657270078688e-04 9.088906187231774458e-01
9.458629775379971960e-01 1.095855050119471513e-02 4.317847196080814437e-02
1.330673401983154787e-07 9.999997889808467377e-01 7.795181314212345185e-08
6.165298484380321575e-01 5.205303728339760163e-08 3.834700995089304620e-01
1.800599637059332406e-09 9.999999981994004417e-01 3.858110561663247925e-36
1.141070483643941109e-05 9.999884525692094295e-01 1.367259540314891858e-07
2.780554494808883392e-01 4.779582967817847666e-03 7.171649675512938860e-01
2.343635791236261075e-10 9.999999997656364714e-01 4.140798964935923683e-17
9.636188441541839922e-10 9.999999990363811486e-01 1.240738007102697171e-29
3.080571155326635932e-03 9.890474582890594890e-01 7.871970555614001691e-03
1.227937465731077787e-01 7.538947171378736775e-04 8.764523587097543533e-01
1.089141676262185946e-05 9.999445626660444786e-01 4.454591719295088973e-05
9.899934185342416093e-01 1.000658146574644365e-02 1.180625983131777036e-14
1.285829967693724141e-04 9.998714170031647308e-01 6.596180126319371093e-14
7.006165485409870085e-05 9.999130309588850629e-01 1.690738626080543413e-05
1.379458618304645057e-02 7.654490893447011592e-03 9.785509229235064277e-01
9.999909714258893301e-01 9.028072316300053758e-06 5.017943637942295608e-10
2.852542718488229601e-01 2.839692409280341425e-07 7.147454441819360849e-01
1.239500133946448285e-01 5.644773487502553477e-01 3.115726378550998099e-01
6.682058501209932922e-10 9.999999993317588709e-01 3.518128608653696542e-14
7.966373941961739900e-05 9.999203362340697288e-01 2.651055286678498581e-11
1.467856873760377696e-10 9.999999998532141943e-01 1.096442891964295463e-22
2.307892484232881014e-01 1.603423412620598584e-03 7.676073281640912738e-01
9.790803262885913183e-01 1.561755805699067097e-07 2.091951753582814780e-02
6.958015120199544379e-01 3.825570382984418843e-02 2.659427841502013945e-01
4.751306694230547079e-01 5.202813576698910314e-01 4.587972907054329273e-03
6.314884807201392530e-09 9.999999936851152738e-01 4.260724063486050888e-19
7.682712174521213631e-04 9.988965482056503253e-01 3.351805768975543850e-04
1.152236245707882211e-09 9.999999988477638047e-01 2.328221570865108761e-21
1.486595661761812728e-09 9.999999985114875756e-01 1.916819009792362136e-12
1.854999069470640905e-09 9.999999981429895657e-01 2.011317947782197092e-12
5.141376483236737710e-02 9.424484718944988737e-01 6.137763273133698891e-03
9.967554181810780456e-01 3.244581818346927403e-03 5.748282616489152531e-13
1.247816555648064568e-01 2.759445039768047597e-04 8.749423999312166966e-01
1.458464380366071073e-09 9.999999985415356507e-01 7.650972161298975569e-30
3.814061468412319189e-01 2.361360432172387308e-02 5.949802488370442566e-01
1.223767594940611996e-07 9.999998776232404962e-01 5.000083388426038288e-25
1.107496982225862799e-02 4.217841996687851647e-02 9.467466102108628156e-01
5.352233283032952205e-01 4.052135240902839941e-01 5.956314760642078543e-02
2.726544044015708117e-09 9.999999972734558984e-01 2.195286149968326852e-18
3.371408046357115412e-02 9.662859195362956122e-01 1.331939627432474702e-13
8.159243745632223377e-02 8.763360495070244838e-01 4.207151303665333103e-02
1.579004557969179434e-01 8.221081192229409695e-02 7.598887322807879041e-01
3.026641151488239368e-08 9.999999697335695270e-01 1.905150359074675840e-14
9.510073661024178726e-01 4.899113877493772168e-02 1.495122644285763789e-06
2.583312936128328574e-01 4.993199890808011632e-01 2.423487173063659517e-01
2.055236964108318395e-02 9.794401376678751880e-01 7.492691041657816234e-06
1.286688270469538986e-01 2.352181311888211935e-03 8.689789916411578830e-01
6.864616777945143791e-07 9.999992879127286294e-01 2.562559355238972407e-08
2.977532805313939934e-01 3.308656077245241134e-01 3.713811117440818932e-01
2.993702275277315416e-10 9.999999997006298047e-01 2.240358426017649975e-19
8.526998521111276430e-01 6.774434736767937925e-09 1.473001411144375661e-01
1.162295876496937004e-02 9.883555683139237935e-01 2.147292110678285153e-05
1.081960106482960510e-02 4.481042808963253132e-01 5.410761180388451441e-01
7.901260716969649717e-06 9.999920871035350434e-01 1.163574794976019603e-08
3.231024137561447906e-01 1.154877286299405698e-01 5.614098576139145980e-01
1.983302925469367420e-04 9.994597424978491906e-01 3.419272096039689549e-04
1.820523714860527442e-01 2.631386065120216392e-03 8.153162424488270554e-01
7.028347666467316124e-01 3.113086063518994036e-04 2.968539247469166309e-01
8.122381867757785573e-05 9.999187761813224107e-01 4.364841142556800145e-27
2.817648364543507422e-01 5.536945873845013910e-01 1.645405761611478390e-01
2.551117937585014595e-01 7.448880260103972750e-01 1.802311013603000921e-07
4.015117139683621784e-09 9.999999959848828723e-01 1.906788017356248819e-20
2.768986051991641898e-10 9.999999997231013849e-01 8.009681371582721842e-18
3.419173495201723034e-02 9.473314450050100977e-01 1.847682004297252281e-02
6.038044494272328151e-03 9.938828151687268964e-01 7.914033700081686475e-05
8.674655763430559954e-03 3.422151022336319404e-01 6.491102420029376541e-01
9.997817240266949623e-01 5.130942141836238436e-05 1.669665518867904724e-04
2.696101717052048523e-08 9.999999730212656424e-01 1.771727259706518619e-11
1.136139152736782380e-09 9.999999988638605952e-01 2.241131172679897342e-16
1.212976165620302184e-09 9.999999987870235030e-01 4.090283513346680104e-16
2.247396261664530378e-08 9.999999775260374202e-01 8.187240535992246429e-29
8.155464679187161503e-09 9.999999914368564724e-01 4.076789998548967774e-10
5.424031981895757193e-01 8.730667205797369712e-02 3.702901297524506252e-01
1.090096586460943991e-02 9.468170442870087467e-01 4.228198984838184987e-02
5.579022111722060639e-01 7.805940972064608421e-03 4.342918478557291628e-01
9.999971834484915334e-01 6.949147279199702983e-10 2.815856593680975095e-06
1.923035542330698201e-07 9.999998076964398130e-01 5.958080880957388232e-15
9.851280536105412322e-01 1.487194638709265875e-02 2.366118637599762142e-12
7.731404271209641431e-03 9.848177422296772177e-01 7.450853499113070655e-03
3.327326650011377951e-01 3.320961631185314067e-01 3.351711718803306872e-01
3.265738684108299844e-02 2.717153466986169802e-02 9.401710784890553452e-01
2.404240422036908872e-04 9.930189989891605729e-01 6.740576968635818116e-03
5.930858338123653484e-01 7.013161180282249940e-02 3.367825543848121939e-01
1.374847397691296451e-06 9.999986251519319413e-01 6.704264236036145753e-13
8.247283257184475636e-01 1.345243161701849408e-05 1.752582218499355859e-01
9.621609362094996648e-07 9.999990378267066271e-01 1.235711049751522611e-11
2.629566209052401607e-05 9.999735740711235277e-01 1.302667858828248790e-07
8.216856442816238351e-03 9.205850826528461095e-01 7.119806090433761225e-02
3.654599453155069622e-01 3.273452560184268445e-01 3.071947986660662488e-01
9.541322261456711695e-01 1.105836944544214261e-06 4.586666801738434329e-02
9.280782213794723512e-02 3.050863923739106920e-04 9.068870914696789409e-01
4.380334312513544905e-05 9.999561966568749627e-01 8.886602852375578623e-29
2.833868485633897072e-09 9.999999971661315268e-01 4.386085918594941677e-20
4.165238268988016245e-08 9.999999583476173459e-01 8.459855321738947392e-18
2.133614854096647979e-07 9.999994844919667392e-01 3.021465478288471070e-07
1.534634477732654267e-01 1.300184340156596214e-04 8.464065337927189070e-01
9.989104784418363359e-01 4.178105703306741553e-08 1.089479777106656987e-03
6.347160177543758469e-03 5.103419043019010726e-01 4.833109355205550961e-01
9.233453364975994821e-05 9.998849421082428579e-01 2.272335810745942957e-05
1.419262600612181978e-08 9.999999858073739256e-01 1.067769668146896835e-16
3.598148559079207554e-02 6.401696686343103515e-01 3.238488457748976979e-01
1.996084922264391980e-10 9.999999998003915591e-01 3.836870927816812533e-23
2.752756513593690905e-10 9.999999997247238648e-01 5.095396759872331459e-16
3.136512518609254965e-06 9.999968337635757321e-01 2.972390553187158994e-08
9.999496310280864275e-01 5.036897136274873661e-05 5.507971817980876567e-13
1.675212793415224721e-01 8.324787184547278729e-01 2.203749656775690608e-09
1.787414251213155503e-01 1.406867700058380896e-02 8.071898978781006928e-01
3.283100619754572699e-04 9.996716899378913501e-01 1.330596317535936100e-13
1.523580710329168249e-07 9.999997575070007638e-01 9.013492813705690201e-08
1.104444189544226684e-01 6.593127428547277402e-01 2.302428381908497856e-01
2.650124174699280966e-02 9.734959530523817905e-01 2.805200625361997625e-06
1.661812506605924636e-08 9.999999833818750128e-01 1.306673397603914653e-23
1.063240707810530493e-06 9.999987927354520023e-01 1.440238403047727463e-07
8.312202379985974554e-01 9.100830057189356677e-05 1.686887537008306681e-01
3.632533389849598531e-04 9.994406117235740128e-01 1.961349374409834714e-04
6.952574868060880098e-01 9.532691708705956439e-06 3.047329805022032656e-01
8.905337101698744484e-07 9.999991089573656566e-01 5.089241425396355310e-10
2.009811093804545115e-10 9.999999997990188794e-01 1.626629583257395172e-17
1.206943352328868909e-09 9.999999987930566769e-01 4.546424820639502852e-21
1.334989173756470984e-03 9.984604652448429984e-01 2.045455814006417019e-04
1.190011569666991247e-03 9.987716869521656715e-01 3.830147816741500386e-05
2.156884814894872012e-07 9.999997843115101537e-01 8.465434117222519390e-15
9.999801233722223071e-01 4.879627707420521862e-07 1.938866500693851830e-05
5.108121596829974242e-01 2.352154391056748561e-01 2.539724012113278029e-01
2.010788373440866192e-06 9.999979892115939961e-01 3.250835323044459569e-14
1.677557759005355864e-01 6.761738252790630435e-04 8.315680502741854552e-01
8.698034765603966613e-04 9.987012716856844552e-01 4.289248377550550131e-04
7.644207336053985280e-01 2.355792663945994458e-01 1.956426266344822465e-15
2.578432736054108720e-01 2.654603505795558593e-01 4.766963758150333796e-01
9.999962593446202197e-01 3.740563036472955226e-06 9.234330562656665963e-11
9.872197467991067343e-01 3.983911888552300227e-06 1.277626928900478000e-02
1.488569057076490369e-03 9.296752791549429684e-01 6.883615178798058176e-02
4.107415414568697104e-02 2.193277591884210120e-01 7.395980866658919961e-01
2.971297548460413509e-10 9.999999997028703458e-01 1.148423748709908908e-27
1.652888012154913125e-04 9.991227937249436142e-01 7.119174738408716582e-04
1.179111781754531990e-01 8.817816955989336014e-01 3.071262256132561725e-04
1.258561054229544367e-07 9.999997644195506297e-01 1.097243439637570757e-07
2.193819226924005086e-09 9.999999978028251135e-01 3.355713031795345455e-12
4.983517027626686163e-02 3.441983845947970983e-03 9.467228458777852129e-01
7.021416741105654946e-01 8.128167066976815531e-04 2.970455091827369776e-01
4.282165435720225689e-06 9.999957178345424413e-01 2.174983401283921642e-14
9.981468348364479493e-01 1.852884459354032847e-03 2.807041979784953161e-07
7.001232872539687735e-01 2.998766680881942426e-01 4.465783688890706913e-08
5.307257393039922757e-10 9.999999994692742034e-01 1.526326213066300296e-18
4.063405931874537322e-06 9.999934444150359036e-01 2.492179032224390253e-06
9.999057623503589953e-01 7.465640252530953757e-08 9.416299323847633976e-05
6.146909710726676827e-04 9.950527278801641895e-01 4.332581148763162658e-03
2.076794421145617547e-02 1.001204084852394538e-02 9.692200149400198583e-01
2.416483325681850758e-01 5.407302034100067711e-01 2.176214640218082363e-01
1.654929530963551010e-05 9.999664314078567928e-01 1.701929683363864642e-05
1.167439796323156143e-01 1.066693561230830922e-01 7.765866642446013213e-01
4.844881740340678533e-02 1.224964666580236235e-02 9.393015359307907985e-01
2.105137225280865332e-01 7.542201329705784489e-03 7.819440761422076225e-01
9.999454663880197325e-01 5.182707028933062726e-05 2.706541690721535782e-06
9.999719771586291772e-01 1.845579094131150191e-05 9.567050429482572375e-06
3.213686384798896904e-09 9.999999967863135719e-01 2.135709573955535582e-22
9.964569038841789572e-01 8.864872575818816443e-04 2.656608858239136849e-03
2.375257990809025999e-01 6.870283678145328032e-01 7.544583310456469405e-02
5.360939612040620250e-02 2.271980035145949785e-03 9.441186238444478906e-01
3.325070736969199525e-01 3.309798745319578739e-01 3.365130517711220626e-01
9.365220700811084778e-10 9.999999990634779179e-01 2.686891094427980567e-22
7.372428504574964903e-01 8.460338014407965963e-06 2.627486892044890721e-01
8.969608883034910773e-01 1.158534009725249215e-04 1.029232582955363490e-01
6.125194774646788804e-09 9.999999936426613445e-01 2.321438780743434152e-10
7.314697987276740088e-02 9.268530193791458816e-01 7.480867463400535045e-10
3.716876388285355833e-05 9.998325593053007943e-01 1.302719308163838231e-04
1.256958540706353141e-08 9.999999866164908102e-01 8.139235513441253912e-10
9.895826114582103594e-01 2.275930794658504265e-07 1.041716094871020411e-02
2.672736199810117179e-08 9.999999694889248891e-01 3.783713181251857679e-09
